0.000000000000000000e+00 0.000000000000000000e+00 5.175450525912888011e+00 5.175450595758952943e+00 1.616374979134251475e+08 1.616374979134253561e+08 6.234588022272167206e+08 6.234588022272170782e+08
1.570796370506286621e-01 0.000000000000000000e+00 2.658917760715215118e+05 1.025567792483111494e+06 1.564809303384524584e+08 1.626715088254151344e+08 6.035691883290004730e+08 6.237268798705441952e+08
3.141592741012573242e-01 0.000000000000000000e+00 1.063762855731854215e+06 4.103070560621955432e+06 1.427269486654820144e+08 1.658763487030314207e+08 5.505181264760105610e+08 6.245577665775121450e+08
4.712389111518859863e-01 0.000000000000000000e+00 2.395460094938026275e+06 9.239617072754321620e+06 1.242546167655657530e+08 1.715687285368701518e+08 4.792677171035935283e+08 6.260335728316687346e+08
6.283185482025146484e-01 0.000000000000000000e+00 4.267772199088192545e+06 1.646139229120264761e+07 1.047969618941942155e+08 1.802947644918041825e+08 4.042167766834531426e+08 6.282958846963374615e+08
7.853981852531433105e-01 0.000000000000000000e+00 6.697082268292281777e+06 2.583158812982085347e+07 8.669348022152459621e+07 1.928104398341435194e+08 3.343890743199788332e+08 6.315406983743425608e+08
9.424778223037719727e-01 0.000000000000000000e+00 9.714313120773628354e+06 3.746947829461672902e+07 7.092958485830809176e+07 2.099004447351521254e+08 2.735854883644385338e+08 6.359714526199719906e+08
1.099557459354400635e+00 0.000000000000000000e+00 1.336844736912456341e+07 5.156399577475547791e+07 5.766038340431702882e+07 2.224042907695122361e+08 2.317343996319396794e+08 6.416321232235304117e+08
1.256637096405029297e+00 0.000000000000000000e+00 1.772191438282709196e+07 4.667800032564675808e+07 6.835593990046861768e+07 1.800436756869354844e+08 2.563363880379487276e+08 6.480104341258563995e+08
1.413716733455657959e+00 0.000000000000000000e+00 2.278254437741200626e+07 3.775265551092480868e+07 8.787551476619999111e+07 1.456173467441043854e+08 2.776021330872857571e+08 6.535237906584979296e+08
1.570796370506286621e+00 0.000000000000000000e+00 2.693958164067555591e+07 3.232751127711469308e+07 1.039098148997484893e+08 1.246917778797041029e+08 2.863292677237575054e+08 6.557863873673174381e+08
1.727876007556915283e+00 0.000000000000000000e+00 2.278254141515828669e+07 3.775265989042396098e+07 8.787550334036104381e+07 1.456173636364592016e+08 2.776021239026509523e+08 6.535237882772895098e+08
1.884955644607543945e+00 0.000000000000000000e+00 1.772191175542724878e+07 4.667800585360717773e+07 6.835592976621213555e+07 1.800436970090662837e+08 2.563363744863278270e+08 6.480104306124631166e+08
2.042035281658172607e+00 0.000000000000000000e+00 1.336844514668143354e+07 5.156398720247510076e+07 5.766039012656679004e+07 2.224043166981857717e+08 2.317343863659451902e+08 6.416321197841892242e+08
2.199114918708801270e+00 0.000000000000000000e+00 9.714311269703995436e+06 3.746947115477687120e+07 7.092959292804613709e+07 2.099004338580933809e+08 2.735855194905659556e+08 6.359714497999861240e+08
2.356194555759429932e+00 0.000000000000000000e+00 6.697080756323012523e+06 2.583158229794042557e+07 8.669348968861059844e+07 1.928104316584684253e+08 3.343891108358746767e+08 6.315406962547173500e+08
2.513274192810058594e+00 0.000000000000000000e+00 4.267771004158723168e+06 1.646138768218904734e+07 1.047969724922759980e+08 1.802947586582174897e+08 4.042168175617610812e+08 6.282958831839218140e+08
2.670353829860687256e+00 0.000000000000000000e+00 2.395459204322621226e+06 9.239613637523001060e+06 1.242546276105731726e+08 1.715687245860728621e+08 4.792677589343296885e+08 6.260335718073850870e+08
2.827433466911315918e+00 0.000000000000000000e+00 1.063762263448221376e+06 4.103068276099615730e+06 1.427269580243348479e+08 1.658763462669403553e+08 5.505181625744354725e+08 6.245577659459311962e+08
2.984513103961944580e+00 0.000000000000000000e+00 2.658914801051436225e+05 1.025566650897719781e+06 1.564809359044280052e+08 1.626715076650071442e+08 6.035692097977578640e+08 6.237268795696966648e+08
3.141592741012573242e+00 0.000000000000000000e+00 5.175450615170395174e+00 5.175450903527401891e+00 1.616374979134236574e+08 1.616374979134255350e+08 6.234588022272099257e+08 6.234588022272167206e+08
